%YAML:1.0
---
cameraMatrix: !!opencv-matrix
   rows: 3
   cols: 3
   dt: d
   data: [ 3.5988145144401602e+02, 0., 2.5611153419311444e+02, 0.,
       3.5985981239587954e+02, 2.0833592385443609e+02, 0., 0., 1. ]
distortionCoefficients: !!opencv-matrix
   rows: 5
   cols: 1
   dt: d
   data: [ 9.0804831248254697e-02, -2.7739068492784413e-01,
       8.0346745237759804e-04, -9.4374432995394865e-04, 0. ]
rotation: !!opencv-matrix
   rows: 3
   cols: 3
   dt: d
   data: [ 1., 0., 0., 0., 1., 0., 0., 0., 1. ]
projection: !!opencv-matrix
   rows: 4
   cols: 4
   dt: d
   data: [ 3.5988145144401602e+02, 0., 2.5611153419311444e+02, 0., 0.,
       3.5985981239587954e+02, 2.0833592385443609e+02, 0., 0., 0., 1.,
       0., 0., 0., 0., 1. ]
