%YAML:1.0
---
depthShift: -1.0971849650611279e+01
