%YAML:1.0
---
depthShift: -8.6514923192154853e+00
