%YAML:1.0
---
depthShift: -1.0594985032444677e+01
