%YAML:1.0
---
depthShift: -7.8883514308896316e+00
