%YAML:1.0
---
rotation: !!opencv-matrix
   rows: 3
   cols: 3
   dt: d
   data: [ 9.9995258388867525e-01, -8.3236958307098194e-03,
       -5.0543112369211560e-03, 8.3043143241314163e-03,
       9.9995813166351122e-01, -3.8436029485319212e-03,
       5.0860926031551582e-03, 3.8014481106228848e-03,
       9.9997984012393681e-01 ]
translation: !!opencv-matrix
   rows: 3
   cols: 1
   dt: d
   data: [ -5.0506161032938084e-02, -2.0317808874107187e-03,
       3.2351850381423901e-03 ]
essential: !!opencv-matrix
   rows: 3
   cols: 3
   dt: d
   data: [ -3.7199819196153167e-05, -3.2427732959422568e-03,
       -2.0193051602081903e-03, 3.4919106502918551e-03,
       1.6506785421991705e-04, 5.0488791202899432e-02,
       1.6122655117392581e-03, -5.0520958350094652e-02,
       1.8385637649502722e-04 ]
fundamental: !!opencv-matrix
   rows: 3
   cols: 3
   dt: d
   data: [ 5.0882632894564066e-02, -1.5941840200727304e+00,
       -8.8670386287235659e-01, 2.8915749033911853e-02,
       -9.0968372393390606e-01, -5.0606639953226762e-01,
       -5.7378504187264714e-02, 1.7978693324920805e+00, 1. ]
