%YAML:1.0
---
rotation: !!opencv-matrix
   rows: 3
   cols: 3
   dt: d
   data: [ 9.9995258388867536e-01, -8.3236958307098159e-03,
       -5.0543112369211404e-03, 8.3043143241314250e-03,
       9.9995813166351122e-01, -3.8436029485319121e-03,
       5.0860926031551660e-03, 3.8014481106229555e-03,
       9.9997984012393692e-01 ]
translation: !!opencv-matrix
   rows: 3
   cols: 1
   dt: d
   data: [ -5.0506161032938111e-02, -2.0317808874108323e-03,
       3.2351850381423901e-03 ]
essential: !!opencv-matrix
   rows: 3
   cols: 3
   dt: d
   data: [ -3.7199819196153797e-05, -3.2427732959422573e-03,
       -2.0193051602083044e-03, 3.4919106502918559e-03,
       1.6506785421992073e-04, 5.0488791202899466e-02,
       1.6122655117393710e-03, -5.0520958350094687e-02,
       1.8385637649502630e-04 ]
fundamental: !!opencv-matrix
   rows: 3
   cols: 3
   dt: d
   data: [ 5.0882632894567729e-02, -1.5941840200727346e+00,
       -8.8670386287235636e-01, 2.8915749033913946e-02,
       -9.0968372393390851e-01, -5.0606639953226762e-01,
       -5.7378504187268857e-02, 1.7978693324920854e+00, 1. ]
