%YAML:1.0
---
depthShift: -1.0273352023707051e+01
