%YAML:1.0
---
depthShift: -1.1371542685458694e+01
