%YAML:1.0
---
cameraMatrix: !!opencv-matrix
   rows: 3
   cols: 3
   dt: d
   data: [ 1.0677117452166437e+03, 0., 9.4681207960623408e+02, 0.,
       1.0678120003406354e+03, 5.4028694142104450e+02, 0., 0., 1. ]
distortionCoefficients: !!opencv-matrix
   rows: 5
   cols: 1
   dt: d
   data: [ 7.5361855207181930e-02, -1.4391612754010402e-01,
       1.9320065450055652e-03, 9.4857967189854208e-04, 0. ]
rotation: !!opencv-matrix
   rows: 3
   cols: 3
   dt: d
   data: [ 1., 0., 0., 0., 1., 0., 0., 0., 1. ]
projection: !!opencv-matrix
   rows: 4
   cols: 4
   dt: d
   data: [ 1.0677117452166437e+03, 0., 9.4681207960623408e+02, 0., 0.,
       1.0678120003406354e+03, 5.4028694142104450e+02, 0., 0., 0., 1.,
       0., 0., 0., 0., 1. ]
