%YAML:1.0
---
cameraMatrix: !!opencv-matrix
   rows: 3
   cols: 3
   dt: d
   data: [ 3.5948360794627240e+02, 0., 2.5720716332396705e+02, 0.,
       3.5959829445259396e+02, 2.1171386389287773e+02, 0., 0., 1. ]
distortionCoefficients: !!opencv-matrix
   rows: 5
   cols: 1
   dt: d
   data: [ 8.9499612468473808e-02, -2.8316676262795243e-01,
       1.2028163537142059e-03, -3.4368335572179236e-05, 0. ]
rotation: !!opencv-matrix
   rows: 3
   cols: 3
   dt: d
   data: [ 1., 0., 0., 0., 1., 0., 0., 0., 1. ]
projection: !!opencv-matrix
   rows: 4
   cols: 4
   dt: d
   data: [ 3.5948360794627240e+02, 0., 2.5720716332396705e+02, 0., 0.,
       3.5959829445259396e+02, 2.1171386389287773e+02, 0., 0., 0., 1.,
       0., 0., 0., 0., 1. ]
