%YAML:1.0
---
depthShift: -1.9234468475544588e+01
