%YAML:1.0
---
cameraMatrix: !!opencv-matrix
   rows: 3
   cols: 3
   dt: d
   data: [ 1.0542635043009241e+03, 0., 9.8272445583675608e+02, 0.,
       1.0553407840133309e+03, 5.4522054766116878e+02, 0., 0., 1. ]
distortionCoefficients: !!opencv-matrix
   rows: 5
   cols: 1
   dt: d
   data: [ 8.6169967819509960e-02, -1.5481377504858082e-01,
       9.3246166942086172e-04, 3.8255074527207097e-05,
       6.9956958790058393e-02 ]
rotation: !!opencv-matrix
   rows: 3
   cols: 3
   dt: d
   data: [ 1., 0., 0., 0., 1., 0., 0., 0., 1. ]
projection: !!opencv-matrix
   rows: 4
   cols: 4
   dt: d
   data: [ 1.0542635043009241e+03, 0., 9.8272445583675608e+02, 0., 0.,
       1.0553407840133309e+03, 5.4522054766116878e+02, 0., 0., 0., 1.,
       0., 0., 0., 0., 1. ]
