%YAML:1.0
---
depthShift: -1.7327273939105101e+01
