%YAML:1.0
---
rotation: !!opencv-matrix
   rows: 3
   cols: 3
   dt: d
   data: [ 9.9994970950603790e-01, 9.6739594545166112e-03,
       -2.6444219146491677e-03, -9.6719743618976887e-03,
       9.9995293469675872e-01, 7.6243247748455575e-04,
       2.6516731950038588e-03, -7.3681735341812882e-04,
       9.9999621285755624e-01 ]
translation: !!opencv-matrix
   rows: 3
   cols: 1
   dt: d
   data: [ -5.4297662523678923e-02, 1.7689877560984836e-04,
       -2.1722764144205941e-03 ]
essential: !!opencv-matrix
   rows: 3
   cols: 3
   dt: d
   data: [ -2.0541124045717388e-05, 2.1720438334847576e-03,
       1.7855431975741498e-04, -2.0281875133012855e-03,
       -6.1021973954595370e-05, 5.4303201306051548e-02,
       3.4827572055695383e-04, -5.4296818299309754e-02,
       -4.0930506360651552e-05 ]
fundamental: !!opencv-matrix
   rows: 3
   cols: 3
   dt: d
   data: [ 1.0232535216494199e-02, -1.5957489805098655e+00,
       -9.3218092199330593e-01, 5.7314986589410326e-03,
       -8.8438812752032980e-01, -5.1658994675128478e-01,
       -1.0976770718207646e-02, 1.7118444778816848e+00, 1. ]
