%YAML:1.0
---
depthShift: -1.7842179384628547e+01
