%YAML:1.0
---
depthShift: -7.9182465273816014e+00
