%YAML:1.0
---
depthShift: -1.4001203213301437e+01
