%YAML:1.0
---
cameraMatrix: !!opencv-matrix
   rows: 3
   cols: 3
   dt: d
   data: [ 1.0412263394447314e+03, 0., 9.5439268441958950e+02, 0.,
       1.0426272804804862e+03, 5.5100824641589884e+02, 0., 0., 1. ]
distortionCoefficients: !!opencv-matrix
   rows: 5
   cols: 1
   dt: d
   data: [ 7.6500279841450192e-02, -1.4635188364598875e-01,
       1.4540049763153398e-03, 4.8889215415695293e-04,
       6.9048146192806747e-02 ]
rotation: !!opencv-matrix
   rows: 3
   cols: 3
   dt: d
   data: [ 1., 0., 0., 0., 1., 0., 0., 0., 1. ]
projection: !!opencv-matrix
   rows: 4
   cols: 4
   dt: d
   data: [ 1.0412263394447314e+03, 0., 9.5439268441958950e+02, 0., 0.,
       1.0426272804804862e+03, 5.5100824641589884e+02, 0., 0., 0., 1.,
       0., 0., 0., 0., 1. ]
