%YAML:1.0
---
depthShift: -1.9531661417185898e+01
