%YAML:1.0
---
depthShift: -2.3380670115338553e+01
