%YAML:1.0
---
depthShift: -2.0787605899861330e+01
