%YAML:1.0
---
cameraMatrix: !!opencv-matrix
   rows: 3
   cols: 3
   dt: d
   data: [ 3.5462808272510938e+02, 0., 2.5354955720554986e+02, 0.,
       3.5477951485990127e+02, 2.0495378853455827e+02, 0., 0., 1. ]
distortionCoefficients: !!opencv-matrix
   rows: 5
   cols: 1
   dt: d
   data: [ 9.9135718741868953e-02, -2.9276360356753461e-01,
       -8.0874298058775386e-05, -1.0207803291746869e-03, 0. ]
rotation: !!opencv-matrix
   rows: 3
   cols: 3
   dt: d
   data: [ 1., 0., 0., 0., 1., 0., 0., 0., 1. ]
projection: !!opencv-matrix
   rows: 4
   cols: 4
   dt: d
   data: [ 3.5462808272510938e+02, 0., 2.5354955720554986e+02, 0., 0.,
       3.5477951485990127e+02, 2.0495378853455827e+02, 0., 0., 0., 1.,
       0., 0., 0., 0., 1. ]
