%YAML:1.0
---
depthShift: -1.7940005097908152e+01
