%YAML:1.0
---
depthShift: -1.7819988276816812e+01
