%YAML:1.0
---
depthShift: -1.9571990448328460e+01
