%YAML:1.0
---
rotation: !!opencv-matrix
   rows: 3
   cols: 3
   dt: d
   data: [ 9.9999210049269616e-01, -2.0094527067529983e-03,
       -3.4294390248002064e-03, 1.9969399155317195e-03,
       9.9999135149449692e-01, -3.6481731296128528e-03,
       3.4367401966479520e-03, 3.6412959271661105e-03,
       9.9998746481183032e-01 ]
translation: !!opencv-matrix
   rows: 3
   cols: 1
   dt: d
   data: [ -5.3285750883941531e-02, -2.1303900187992896e-03,
       -1.0692277516898913e-02 ]
essential: !!opencv-matrix
   rows: 3
   cols: 3
   dt: d
   data: [ 1.4030238749292715e-05, 1.0684427664179239e-02,
       -2.1693705934910435e-03, -1.0509063771203163e-02,
       2.1551481366737101e-04, 5.3321751450807885e-02,
       2.0239647468985539e-03, -5.3289570959821488e-02,
       1.8708960189752470e-04 ]
fundamental: !!opencv-matrix
   rows: 3
   cols: 3
   dt: d
   data: [ 6.3207000156102089e-02, -1.6652684389848662e+00,
       -9.1680662305607463e-01, 3.6786520936055979e-02,
       -9.5993819189500262e-01, -5.2824400908608649e-01,
       -6.8958273147825586e-02, 1.8163982245978227e+00, 1. ]
