%YAML:1.0
---
rotation: !!opencv-matrix
   rows: 3
   cols: 3
   dt: d
   data: [ 9.9999210049269627e-01, -2.0094527067529917e-03,
       -3.4294390248001878e-03, 1.9969399155317195e-03,
       9.9999135149449692e-01, -3.6481731296128684e-03,
       3.4367401966479477e-03, 3.6412959271660975e-03,
       9.9998746481183032e-01 ]
translation: !!opencv-matrix
   rows: 3
   cols: 1
   dt: d
   data: [ -5.3285750883941559e-02, -2.1303900187992896e-03,
       -1.0692277516898913e-02 ]
essential: !!opencv-matrix
   rows: 3
   cols: 3
   dt: d
   data: [ 1.4030238749292723e-05, 1.0684427664179239e-02,
       -2.1693705934910435e-03, -1.0509063771203165e-02,
       2.1551481366737036e-04, 5.3321751450807912e-02,
       2.0239647468985539e-03, -5.3289570959821515e-02,
       1.8708960189752565e-04 ]
fundamental: !!opencv-matrix
   rows: 3
   cols: 3
   dt: d
   data: [ 6.3207000156102047e-02, -1.6652684389848662e+00,
       -9.1680662305607441e-01, 3.6786520936055958e-02,
       -9.5993819189500251e-01, -5.2824400908608637e-01,
       -6.8958273147825544e-02, 1.8163982245978221e+00, 1. ]
