%YAML:1.0
---
depthShift: -2.0766808940260617e+01
