camera_matrix:
  cols: 3
  data: [1457.132133385158, 0.0, 319.9734014347592, 0.0, 1494.4574122333486, 256.00267750338054,
    0.0, 0.0, 1.0]
  rows: 3
camera_name: boson
distortion_coefficients:
  cols: 5
  data: [-0.08788256109176666, -0.2154878925185197, 0.027435265141397897, 0.005152746285378943,
    0.027375383484194334]
  rows: 1
distortion_model: plumb_bob
image_height: 512
image_width: 640
projection_matrix:
  cols: 4
  data: [1457.132133385158, 0.0, 319.9734014347592, 0.0, 0.0, 1494.4574122333486,
    256.00267750338054, 0.0, 0.0, 0.0, 1.0, 0.0]
  rows: 3
rectification_matrix:
  cols: 3
  data: [1.0, 0.0, 0.0, 0.0, 1.0, 0.0, 0.0, 0.0, 1.0]
  rows: 3
