camera_matrix:
  cols: 3
  data: [1538.2538255912661, 0.0, 319.9404912598806, 0.0, 1535.4919720782539, 256.1650148840572,
    0.0, 0.0, 1.0]
  rows: 3
camera_name: boson
distortion_coefficients:
  cols: 5
  data: [-0.0730809780613349, -2.083689205266117, 0.005096009491063708, 0.006055806503864997,
    -0.3993253489221441]
  rows: 1
distortion_model: plumb_bob
image_height: 512
image_width: 640
projection_matrix:
  cols: 4
  data: [1538.2538255912661, 0.0, 319.9404912598806, 0.0, 0.0, 1535.4919720782539,
    256.1650148840572, 0.0, 0.0, 0.0, 1.0, 0.0]
  rows: 3
rectification_matrix:
  cols: 3
  data: [1.0, 0.0, 0.0, 0.0, 1.0, 0.0, 0.0, 0.0, 1.0]
  rows: 3
