camera_matrix:
  cols: 3
  data: [1542.8312898571387, 0.0, 157.24768433382297, 0.0, 1555.3600954810552, 368.5154563723776,
    0.0, 0.0, 1.0]
  rows: 3
camera_name: boson
distortion_coefficients:
  cols: 5
  data: [-0.028932947965319863, -1.0735791079701145, 0.023154358496920227, -0.013834367851720718,
    4.801880874347551]
  rows: 1
distortion_model: plumb_bob
image_height: 512
image_width: 640
projection_matrix:
  cols: 4
  data: [1542.8312898571387, 0.0, 157.24768433382297, 0.0, 0.0, 1555.3600954810552,
    368.5154563723776, 0.0, 0.0, 0.0, 1.0, 0.0]
  rows: 3
rectification_matrix:
  cols: 3
  data: [1.0, 0.0, 0.0, 0.0, 1.0, 0.0, 0.0, 0.0, 1.0]
  rows: 3
